0.697218
1000 1
0.266499
1000 2
0.176430
1002 3
0.144202
1000 4
0.130006
1000 5
0.129402
1002 6
0.121870
1001 7
0.115678
1000 8
0.115865
1008 9
0.115690
1000 10
0.111159
1005 15
0.108080
1000 20
0.107536
1000 25
0.107826
1020 30
0.706213
1000 1
0.260297
1000 2
0.166236
1002 3
0.141913
1000 4
0.127089
1000 5
0.126658
1002 6
0.130897
1001 7
0.114118
1000 8
0.113448
1008 9
0.112926
1000 10
0.107977
1005 15
0.105563
1000 20
0.104560
1000 25
0.104884
1020 30
0.667260
1000 1
0.240441
1000 2
0.163154
1002 3
0.138524
1000 4
0.126749
1000 5
0.126206
1002 6
0.124156
1001 7
0.120407
1000 8
0.118410
1008 9
0.118193
1000 10
0.115302
1005 15
0.109489
1000 20
0.109880
1000 25
0.112978
1020 30
